040000
040002
040005
040008
040016
040020
040022
040023
040030
040031
040034
040037
040042
040050
040057
040066
040067
040076
040080
040082
040085
040087
040089
040092
040095
040099
040100
040102
040103
040104
040105
040110
040122
040133
040141
040146
040147
040149
040161
040164
040175
040176
040177
040179
040186
040187
040189
040209
040214
040222
040227
040228
040230
040232
040237
040240
040246
040253
040267
040271
040272
040274
040276
040279
040291
040292
040295
040297
040299
040301
040302
040303
040308
040310
040313
040317
040320
040322
040326
040327
040330
040331
040352
040353
040355
040359
040362
040375
040383
040388
040400
040408
040412
040416
040422
040427
040428
040429
040431
040432
040463
040468
040469
040470
040471
040473
040474
040478
040479
040480
040481
040482
040486
040488
040490
040496
040510
040513
040514
040515
040518
040520
040521
040528
040529
040530
040533
040537
040543
040544
040545
040548
040549
040551
040555
040557
040560
040562
040563
040564
040565
040574
040575
040576
040577
040583
040595
040600
040601
040602
040604
040605
040606
040609
040610
040617
040618
040624
040625
040628
040629
040632
040633
040642
040647
040649
040651
040664
040668
040670
040679
040687
040688
040689
040690
040693
040696
040700
040703
040707
040715
040719
040724
040732
040735
040736
040740
040744
040746
040747
040748
040757
040759
040760
040763
040768
040783
040790
040801
040804
040807
040811
040813
040817
040819
040822
040825
040831
040836
040837
040838
040847
040852
040861
040866
040871
040873
040889
040890
040892
040896
040897
040901
040902
040903
040906
040907
040911
040915
040917
040918
040920
040921
040924
040929
040930
040931
040947
040951
040955
040956
040960
040961
040962
040963
040966
040973
040975
040977
040978
040983
040984
040986
040990
040993
040995
040998
041000
041007
041011
041016
041017
041023
041025
041029
041035
041040
041044
041046
041053
041054
041055
041056
041063
041066
041083
041086
041092
041100
041101
041108
041116
041120
041125
041127
041128
041130
041132
041134
041135
041138
041143
041144
041148
041152
041153
041158
041165
041167
041168
041171
041174
041175
041181
041185
041197
041199
041205
041206
041207
041209
041210
041211
041212
041213
041214
041215
041216
041217
041219
041220
041221
041222
041223
041224
041225
041226
041227
041228
041229
041230
041231
041233
041234
041235
041236
041237
041238
041239
041240
041241
041243
041244
041245
041246
041247
041248
041250
041251
041252
041253
041254
041256
041257
041258
041260
041261
041263
041264
041265
041266
041267
041268
041270
041271
041272
041273
041275
041276
041277
041278
041279
041280
041282
041283
041284
041285
041286
041287
041290
041291
041292
041293
041294
041295
041296
041297
041298
041299
041300
041301
041303
041304
041305
041306
041308
041309
041310
041311
041312
041313
041316
041317
041319
041320
041321
041323
041324
041325
041326
041328
041329
041330
041333
041334
041335
041336
041337
041339
041340
041343
041345
041346
041347
041348
041349
041350
041351
041352
041354
041355
041356
041357
041358
041361
041362
041363
041364
041365
041366
041367
041368
041369
041370
041371
041373
041374
041375
041376
041377
041378
041379
041380
041381
041382
041383
041384
041385
041386
041387
041388
041389
041390
041391
041392
041393
041394
041397
041398
041399
041400
041401
041402
041403
041404
041405
041406
041407
041408
041409
041410
041411
041412
041413
041414
041416
041417
041418
041419
041420
041421
041422
041423
041426
041427
041428
041430
041433
041435
041436
041438
041439
041441
041442
041443
041444
041445
041446
041448
041449
041450
041451
041452
041453
041454
041455
041456
041457
041458
041459
041460
041461
041462
041464
041465
041467
041471
041472
041474
041475
041476
041477
041478
041479
041480
041481
041483
041484
041485
041486
041487
041488
041489
041490
041492
041493
041494
041495
041496
041497
041498
041500
041501
041502
041503
041504
041505
041506
041507
041508
041510
041511
041512
041513
041514
041515
041516
041517
041518
041519
041520
041521
041523
041524
041525
041526
041528
041531
041532
041533
041535
041536
041537
041538
041539
041540
041541
041542
041544
041545
041546
041547
041548
041551
041552
041553
041555
041556
041557
041558
041559
041560
041561
041563
041564
041565
041566
041567
041568
041570
041573
041574
041575
041577
041578
041580
041581
041582
041583
041584
041585
041586
041587
041590
041591
041592
041593
041594
041595
041596
041597
041598
041599
041600
041601
041602
041603
041604
041605
041607
041608
041609
041610
041611
041612
041613
041614
041617
041619
041620
041621
041622
041623
041625
041628
041629
041630
041631
041632
041633
041634
041635
041636
041637
041638
041639
041640
041641
041642
041643
041644
041645
041646
041647
041649
041650
041651
041652
041653
041654
041655
041656
041657
041658
041659
041660
041662
041663
041664
041665
041666
041667
041669
041671
041672
041673
041674
041675
041676
041677
041678
041679
041681
041682
041683
041684
041685
041686
041687
041688
041689
041690
041691
041692
041693
041694
041695
041697
041698
041699
041700
041701
041702
041703
041704
041705
041706
041707
041708
041709
041710
041711
041712
041713
041714
041715
041716
041717
041718
041719
041720
041721
041722
041723
041724
041725
041726
041727
041728
041731
041732
041734
041735
041736
041737
041738
041739
041740
041741
041742
041744
041745
041746
041747
041748
041749
041750
041751
041752
041753
041754
041755
041756
041757
041758
041759
041760
041761
041762
041763
041764
041765
041767
041768
041769
041770
041771
041772
041773
041774
041775
041776
041777
041778
041779
041780
041781
041782
041783
041784
041785
041787
041788
041790
041791
041792
041793
041794
041795
041798
041799
041803
041805
041808
041810
041812
041813
041814
041815
041816
041818
041819
041820
041821
041822
041823
041824
041826
041828
041829
041830
041831
041832
041833
041834
041835
041836
041837
041838
041839
041841
041842
041843
041844
041845
041846
041847
041849
041850
041851
041852
041853
041854
041855
041856
041857
041858
041859
041860
041862
041863
041864
041865
041867
041868
041869
041870
041871
041872
041873
041875
041876
041877
041879
041880
041881
041882
041883
041884
041885
041887
041888
041889
041890
041891
041892
041894
041895
041896
041898
041899
041901
041902
041903
041904
041905
041906
041907
041908
041910
041911
041912
041913
041914
041915
041916
041917
041918
041920
041921
041922
041923
041925
041926
041928
041929
041930
041931
041932
041933
041934
041935
041937
041938
041939
041940
041943
041944
041945
041946
041947
041948
041950
041953
041954
041957
041958
041961
041962
041963
041965
041967
041969
041970
041971
041972
041973
041975
041977
041979
041981
041982
041983
041984
041985
041986
041987
041988
041989
041990
041996
042004
042005
042020
042025
042026
042027
042028
042030
042031
042033
042034
042035
042036
042039
042041
042042
042048
042052
042053
042054
042056
042057
042058
042059
042060
042064
042068
042069
042071
042075
042076
042079
042080
042082
042085
042086
042087
042088
042089
042090
042094
042095
042096
042097
042101
042104
042105
042106
042107
042109
042110
042116
042117
042118
042119
042120
042122
042123
042124
042126
042127
042128
042129
042130
042132
042133
042134
042144
042146
042147
042148
042149
042150
042151
042153
042154
042155
042157
042166
042168
042176
042177
042179
042180
042181
042185
042186
042188
042189
042190
042194
042195
042197
042199
042200
042204
042205
042206
042207
042213
042214
042215
042216
042217
042218
042221
042222
042229
042230
042236
042237
042239
042240
042243
042244
042245
042246
042247
042248
042249
042250
042251
042258
042259
042260
042261
042263
042267
042272
042278
042280
042282
042284
042287
042290
042291
042292
042293
042294
042296
042297
042298
042299
042302
042303
042304
042305
042306
042307
042308
042313
042314
042317
042318
042319
042320
042321
042323
042325
042327
042328
042331
042333
042334
042336
042337
042338
042339
042341
042343
042344
042345
042346
042347
042348
042349
042350
042351
042352
042353
042354
042355
042356
042359
042361
042362
042365
042367
042368
042369
042376
042378
042380
042383
042384
042385
042386
042389
042390
042391
042392
042393
042394
042395
042399
042400
042401
042402
042406
042407
042408
042409
042410
042411
042412
042413
042414
042415
042416
042417
042418
042419
042421
042422
042424
042425
042427
042428
042429
042431
042434
042436
042438
042439
042440
042442
042443
042444
042446
042457
042458
042470
042471
042473
042474
042475
042476
042479
042480
042485
042488
042492
042494
042495
042496
042497
042498
042506
042510
042517
042518
042520
042522
042524
042525
042526
042528
042529
042530
042531
042532
042535
042536
042537
042538
042539
042540
042545
042546
042547
042549
042551
042553
042555
042557
042559
042568
042570
042573
042574
042576
042577
042578
042579
042580
042582
042583
042588
042589
042591
042596
042597
042599
042603
042615
042616
042617
042619
042621
042627
042628
042629
042630
042631
042633
042639
042642
042646
042647
042648
042653
042658
042662
042664
042666
042668
042684
042685
042686
042687
042696
042697
042700
042701
042710
042711
042715
042716
042717
042720
042721
042725
042726
042728
042729
042731
042732
042737
042739
042742
042743
042754
042756
042757
042759
042761
042762
042763
042764
042766
042768
042769
042770
042771
042772
042773
042774
042775
042776
042777
042778
042779
042780
042781
042782
042783
042784
042786
042787
042788
042789
042790
042795
042796
042797
042798
042799
042801
042802
042803
042805
042806
042807
042808
042809
042810
042811
042812
042814
042815
042816
042817
042819
042820
042821
042822
042824
042825
042826
042827
042828
042829
042830
042831
042832
042833
042834
042835
042836
042837
042838
042839
042840
042841
042842
042843
042844
042845
042846
042847
042848
042849
042852
042853
042854
042855
042856
042857
042860
042861
042862
042863
042864
042865
042866
042867
042868
042870
042871
042872
042874
042875
042876
042877
042878
042880
042881
042883
042884
042886
042887
042888
042889
042890
042891
042892
042893
042895
042896
042897
042898
042899
042900
042902
042903
042904
042905
042906
042907
042908
042910
042911
042912
042913
042914
042915
042916
042918
042919
042922
042923
042925
042926
042928
042929
042931
042932
042933
042934
042936
042937
042938
042939
042940
042941
042944
042945
042946
042947
042948
042949
042951
042952
042953
042954
042955
042956
042957
042958
042959
042960
042961
042962
042963
042964
042965
042966
042967
042968
042969
042970
042971
042972
042973
042976
042977
042978
042979
042980
042981
042982
042983
042986
042987
042988
042989
042990
042992
042993
042994
042996
042997
042998
042999
043000
043002
043003
043004
043005
043006
043008
043009
043011
043012
043013
043014
043015
043016
043017
043018
043022
043023
043024
043025
043027
043028
043029
043030
043031
043032
043033
043034
043035
043036
043037
043039
043041
043045
043046
043047
043048
043049
043050
043051
043052
043054
043055
043056
043057
043058
043059
043060
043061
043063
043064
043065
043066
043067
043068
043069
043070
043072
043073
043075
043076
043080
043082
043083
043084
043086
043088
043089
043090
043091
043092
043094
043095
043096
043097
043098
043099
043100
043102
043103
043105
043106
043107
043108
043109
043110
043111
043112
043113
043114
043115
043116
043118
043119
043120
043121
043122
043123
043124
043126
043127
043128
043129
043130
043131
043132
043133
043134
043135
043137
043139
043140
043141
043142
043143
043144
043145
043146
043147
043148
043149
043151
043152
043153
043154
043155
043156
043157
043158
043159
043160
043161
043162
043163
043164
043166
043167
043168
043169
043170
043171
043172
043173
043174
043175
043176
043177
043178
043179
043181
043182
043183
043185
043186
043187
043188
043189
043191
043192
043193
043194
043195
043198
043199
043200
043202
043203
043204
043205
043207
043208
043209
043210
043211
043212
043214
043215
043216
043218
043219
043220
043221
043222
043223
043224
043225
043226
043228
043229
043230
043231
043232
043233
043234
043235
043237
043239
043240
043241
043242
043243
043245
043246
043247
043248
043249
043251
043252
043253
043255
043256
043257
043258
043259
043260
043263
043265
043266
043267
043269
043270
043272
043273
043275
043276
043278
043279
043280
043281
043283
043284
043285
043286
043288
043289
043290
043291
043292
043293
043294
043295
043296
043297
043298
043299
043300
043301
043302
043303
043305
043306
043307
043308
043309
043310
043311
043312
043313
043314
043315
043316
043317
043318
043319
043320
043321
043324
043325
043326
043327
043328
043329
043330
043331
043334
043335
043336
043337
043338
043339
043340
043341
043342
043346
043347
043349
043350
043351
043352
043353
043354
043357
043358
043359
043361
043362
043364
043367
043368
043369
043372
043373
043375
043376
043377
043378
043379
043380
043381
043382
043383
043386
043387
043388
043390
043391
043393
043394
043395
043396
043397
043398
043402
043403
043405
043406
043407
043409
043410
043411
043412
043414
043415
043416
043419
043420
043422
043423
043424
043425
043426
043427
043428
043429
043430
043431
043432
043433
043435
043437
043438
043439
043440
043441
043442
043444
043445
043446
043447
043448
043449
043451
043452
043453
043454
043455
043456
043457
043458
043460
043461
043462
043465
043466
043467
043468
043469
043470
043471
043472
043473
043474
043476
043477
043479
043480
043482
043483
043484
043486
043487
043488
043489
043490
043491
043492
043493
043494
043495
043496
043498
043499
043500
043501
043502
043504
043505
043507
043508
043509
043510
043511
043512
043513
043514
043515
043516
043517
043518
043519
043520
043521
043522
043523
043524
043526
043527
043529
043530
043531
043532
043533
043535
043536
043539
043540
043542
043543
043544
043545
043546
043548
043549
043550
043551
043552
043553
043554
043555
043556
043558
043560
043563
043565
043566
043567
043568
043569
043571
043572
043573
043574
043575
043578
043579
043581
043582
043583
043584
043585
043586
043587
043588
043589
043591
043593
043594
043595
043596
043597
043598
043600
043603
043604
043605
043606
043607
043608
043609
043610
043611
043612
043613
043614
043615
043616
043617
043618
043619
043622
043623
043624
043625
043626
043628
043629
043630
043631
043633
043634
043635
043636
043637
043638
043639
043641
043642
043644
043645
043646
043647
043650
043651
043652
043653
043654
043655
043656
043657
043659
043660
043662
043664
043666
043668
043669
043670
043671
043673
043674
043675
043676
043677
043678
043683
043688
043691
043692
043693
043694
043695
043697
043698
043700
043701
043702
043703
043704
043706
043707
043708
043709
043711
043712
043713
043714
043715
043716
043717
043718
043719
043720
043721
043722
043723
043724
043725
043726
043727
043728
043729
043730
043732
043733
043734
043736
043738
043739
043740
043741
043743
043744
043745
043747
043748
043749
043754
043755
043756
043757
043758
043759
043760
043761
043762
043763
043764
043765
043766
043767
043768
043769
043770
043771
043772
043773
043774
043775
043776
043777
043778
043780
043782
043783
043784
043786
043787
043788
043789
043790
043791
043792
043793
043794
043796
043797
043799
043800
043801
043802
043803
043804
043806
043807
043808
043809
043811
043812
043813
043814
043817
043818
043821
043823
043825
043826
043828
043830
043831
043832
043835
043836
043838
043839
043841
043843
043844
043845
043846
043847
043849
043850
043851
043852
043853
043854
043855
043857
043859
043860
043861
043862
043864
043865
043866
043867
043868
043869
043870
043871
043872
043876
043877
043878
043879
043880
043881
043882
043883
043884
043885
043888
043889
043891
043892
043893
043894
043895
043897
043898
043899
043900
043901
043902
043903
043904
043905
043906
043908
043909
043910
043911
043912
043913
043914
043915
043919
043920
043921
043924
043926
043927
043928
043929
043930
043931
043932
043933
043934
043935
043937
043938
043939
043940
043942
043943
043944
043945
043947
043948
043949
043950
043951
043952
043954
043956
043958
043959
043960
043961
043963
043964
043965
043966
043967
043968
043969
043970
043971
043972
043973
043974
043975
043976
043978
043979
043980
043982
043983
043984
043985
043986
043987
043988
043989
043990
043991
043993
043996
043997
043999
044001
044003
044004
044005
044006
044007
044009
044011
044013
044014
044015
044016
044019
044020
044021
044022
044024
044025
044026
044027
044028
044029
044030
044031
044032
044035
044036
044040
044041
044043
044045
044046
044047
044048
044050
044051
044052
044054
044055
044056
044057
044058
044059
044060
044061
044062
044063
044064
044065
044068
044071
044074
044075
044076
044078
044079
044080
044081
044083
044085
044086
044087
044089
044090
044092
044094
044095
044096
044097
044098
044101
044102
044103
044104
044107
044108
044109
044110
044112
044113
044114
044115
044116
044117
044118
044119
044120
044121
044122
044123
044124
044125
044126
044128
044131
044132
044133
044136
044137
044138
044139
044140
044141
044142
044143
044144
044145
044146
044147
044149
044150
044152
044153
044155
044156
044157
044158
044159
044160
044161
044163
044164
044165
044167
044168
044169
044170
044171
044172
044173
044177
044179
044180
044181
044183
044184
044185
044186
044187
044188
044190
044191
044192
044193
044194
044196
044197
044198
044200
044201
044203
044204
044206
044207
044208
044209
044211
044212
044213
044214
044215
044216
044217
044218
044219
044220
044221
044223
044225
044226
044227
044229
044231
044232
044233
044234
044235
044236
044237
044238
044239
044240
044241
044242
044243
044245
044246
044247
044248
044249
044250
044251
044252
044253
044255
044256
044257
044258
044259
044261
044262
044263
044264
044265
044266
044267
044268
044269
044270
044271
044272
044273
044274
044275
044278
044279
044281
044283
044287
044288
044289
044290
044291
044292
044293
044294
044295
044296
044297
044298
044300
044301
044302
044303
044304
044306
044307
044308
044310
044312
044313
044314
044315
044316
044317
044318
044319
044320
044321
044322
044323
044324
044325
044326
044327
044328
044329
044331
044332
044333
044334
044335
044336
044337
044338
044339
044340
044341
044344
044345
044347
044348
044349
044350
044351
044352
044353
044354
044355
044356
044357
044358
044359
044360
044361
044364
044365
044366
044367
044368
044369
044370
044372
044373
044374
044376
044377
044378
044379
044380
044381
044384
044385
044386
044387
044388
044390
044391
044392
044394
044395
044396
044397
044399
044401
044402
044404
044405
044406
044407
044408
044410
044411
044412
044413
044414
044415
044416
044418
044420
044421
044422
044423
044426
044427
044428
044429
044430
044431
044432
044435
044436
044438
044439
044441
044442
044443
044444
044445
044446
044447
044448
044449
044450
044451
044452
044453
044454
044456
044457
044460
044461
044462
044464
044465
044466
044467
044468
044469
044470
044471
044473
044474
044476
044478
044481
044482
044483
044484
044485
044487
044488
044489
044490
044491
044493
044494
044495
044496
044497
044498
044499
044500
044501
044502
044503
044504
044505
044507
044508
044509
044510
044511
044512
044513
044514
044515
044516
044518
044519
044520
044521
044523
044524
044525
044526
044527
044530
044531
044532
044533
044534
044535
044536
044537
044539
044540
044541
044542
044543
044544
044545
044548
044549
044550
044551
044552
044553
044555
044556
044558
044559
044560
044561
044562
044563
044564
044565
044566
044568
044569
044570
044571
044573
044574
044575
044576
044577
044579
044580
044581
044583
044584
044585
044586
044588
044589
044590
044591
044592
044593
044594
044597
044598
044599
044600
044601
044602
044604
044605
044606
044609
044610
044612
044614
044618
044620
044622
044623
044625
044626
044628
044629
044632
044633
044634
044635
044636
044637
044638
044639
044640
044641
044642
044643
044644
044645
044646
044647
044649
044650
044651
044652
044656
044658
044659
044660
044661
044662
044664
044665
044666
044667
044668
044670
044671
044673
044674
044675
044676
044678
044679
044680
044681
044683
044684
044686
044688
044689
044690
044691
044692
044693
044695
044696
044697
044698
044699
044700
044701
044702
044703
044704
044705
044706
044707
044708
044709
044710
044711
044712
044713
044716
044717
044718
044719
044720
044721
044724
044725
044726
044727
044728
044729
044730
044731
044733
044734
044735
044736
044737
044738
044740
044741
044743
044744
044746
044747
044748
044749
044750
044751
044752
044753
044754
044755
044756
044757
044758
044759
044760
044761
044762
044763
044764
044765
044766
044767
044768
044769
044771
044772
044773
044774
044775
044776
044777
044778
044779
044780
044781
044782
044784
044785
044786
044787
044788
044789
044790
044791
044792
044793
044794
044795
044796
044799
044800
044801
044802
044804
044805
044806
044807
044809
044811
044812
044813
044814
044815
044816
044817
044818
044819
044820
044821
044823
044824
044825
044826
044827
044829
044830
044831
044832
044833
044834
044835
044836
044837
044838
044840
044844
044848
044849
044851
044852
044853
044854
044855
044856
044857
044858
044859
044861
044862
044863
044864
044866
044868
044869
044870
044872
044873
044874
044875
044876
044878
044880
044881
044882
044883
044885
044886
044887
044889
044892
044893
044894
044895
044896
044897
044898
044901
044903
044904
044905
044906
044907
044908
044909
044910
044911
044912
044914
044915
044916
044917
044918
044919
044921
044923
044924
044925
044926
044927
044928
044929
044930
044931
044932
044933
044934
044935
044939
044940
044943
044944
044945
044946
044947
044948
044949
044950
044951
044952
044953
044955
044956
044957
044958
044959
044961
044962
044963
044965
044966
044967
044968
044969
044971
044972
044973
044974
044976
044978
044981
044982
044983
044984
044986
044989
044990
044991
044992
044993
044994
044995
044996
044997
044998
045000
045001
045003
045004
045005
045006
045007
045008
045010
045011
045012
045014
045015
045016
045017
045018
045019
045020
045021
045022
045023
045024
045026
045027
045029
045030
045031
045032
045033
045035
045036
045037
045038
045039
045040
045041
045042
045043
045044
045045
045046
045047
045048
045049
045050
045051
045052
045053
045054
045055
045056
045057
045059
045061
045062
045063
045064
045065
045066
045067
045068
045069
045070
045071
045072
045073
045075
045076
045077
045079
045080
045081
045082
045083
045084
045085
045087
045088
045089
045090
045091
045092
045094
045095
045097
045099
045100
045101
045103
045104
045105
045106
045107
045108
045109
045110
045111
045112
045113
045114
045115
045116
045117
045118
045119
045120
045122
045123
045125
045126
045127
045128
045131
045132
045133
045135
045136
045137
045138
045140
045141
045142
045143
045144
045145
045146
045148
045151
045153
045154
045157
045159
045161
045162
045163
045164
045165
045169
045170
045174
045175
045176
045177
045178
045180
045181
045182
045183
045184
045185
045186
045187
045188
045189
045191
045193
045194
045195
045196
045199
045200
045201
045202
045204
045205
045206
045207
045208
045209
045210
045211
045212
045213
045214
045215
045216
045217
045218
045219
045220
045221
045222
045223
045224
045225
045226
045227
045228
045229
045231
045233
045234
045235
045236
045237
045238
045239
045241
045242
045245
045246
045248
045252
045253
045254
045256
045257
045258
045260
045261
045262
045263
045265
045266
045267
045268
045271
045272
045273
045274
045275
045276
045277
045278
045279
045281
045282
045283
045284
045285
045286
045287
045288
045289
045290
045291
045292
045293
045294
045295
045296
045298
045299
045300
045301
045302
045303
045304
045305
045306
045307
045308
045309
045310
045311
045312
045313
045314
045315
045316
045317
045318
045319
045320
045321
045322
045325
045326
045328
045329
045331
045332
045333
045334
045335
045337
045339
045340
045341
045344
045345
045346
045347
045348
045349
045350
045351
045352
045354
045355
045356
045357
045358
045359
045360
045361
045362
045363
045364
045365
045366
045367
045368
045369
045370
045371
045372
045373
045374
045375
045377
045378
045379
045380
045382
045383
045384
045385
045386
045387
045388
045389
045390
045391
045393
045394
045395
045396
045397
045398
045399
045401
045402
045403
045405
045409
045411
045412
045413
045414
045415
045416
045417
045418
045419
045420
045422
045423
045425
045426
045427
045428
045429
045430
045431
045432
045433
045434
045435
045437
045438
045439
045440
045441
045442
045443
045444
045445
045446
045447
045448
045449
045450
045451
045452
045456
045458
045459
045461
045463
045464
045465
045466
045467
045468
045469
045470
045472
045473
045474
045476
045478
045481
045482
045483
045484
045485
045486
045487
045488
045489
045490
045491
045492
045493
045495
045496
045497
045498
045499
045500
045501
045502
045503
045504
045505
045506
045507
045508
045509
045511
045512
045513
045514
045515
045516
045517
045518
045519
045520
045521
045522
045523
045524
045525
045526
045527
045528
045529
045530
045531
045532
045534
045535
045537
045538
045539
045540
045541
045544
045545
045546
045547
045548
045549
045550
045551
045552
045553
045554
045555
045556
045557
045558
045559
045560
045561
045562
045564
045565
045568
045570
045572
045573
045574
045576
045577
045578
045579
045582
045583
045584
045586
045587
045588
045589
045590
045592
045593
045594
045595
045597
045598
045599
045600
045602
045603
045606
045607
045608
045609
045610
045613
045614
045615
045617
045618
045620
045621
045622
045623
045624
045626
045627
045628
045629
045630
045631
045632
045634
045635
045636
045637
045638
045639
045640
045642
045643
045644
045645
045646
045647
045648
045649
045650
045651
045652
045653
045654
045655
045656
045657
045658
045659
045661
045662
045663
045664
045665
045666
045667
045668
045669
045670
045671
045673
045674
045675
045676
045677
045679
045680
045681
045682
045683
045684
045685
045686
045687
045688
045689
045692
045693
045695
045696
045697
045698
045700
045702
045704
045705
045707
045708
045709
045710
045711
045712
045713
045714
045715
045716
045719
045720
045721
045722
045723
045724
045725
045726
045727
045729
045730
045732
045733
045734
045736
045737
045738
045739
045741
045742
045743
045744
045745
045746
045748
045749
045750
045751
045752
045753
045754
045755
045757
045758
045759
045762
045763
045764
045765
045766
045769
045770
045771
045772
045773
045774
045775
045776
045779
045780
045781
045782
045783
045784
045786
045788
045789
045791
045792
045793
045794
045795
045796
045799
045800
045802
045803
045804
045805
045806
045807
045810
045811
045812
045814
045816
045817
045818
045819
045820
045821
045822
045823
045824
045825
045826
045827
045828
045829
045830
045831
045833
045834
045835
045837
045839
045840
045841
045842
045843
045844
045846
045847
045848
045849
045850
045853
045854
045855
045857
045858
045859
045860
045861
045864
045865
045866
045867
045868
045869
045870
045871
045872
045873
045874
045875
045876
045877
045879
045882
045884
045885
045886
045887
045888
045889
045890
045891
045893
045894
045895
045896
045897
045899
045900
045901
045902
045903
045904
045905
045906
045907
045908
045909
045913
045914
045915
045916
045919
045920
045921
045922
045924
045925
045926
045927
045930
045931
045935
045936
045937
045938
045939
045940
045941
045943
045944
045946
045947
045948
045949
045951
045952
045953
045954
045955
045956
045957
045961
045962
045963
045964
045966
045968
045971
045973
045975
045977
045978
045979
045980
045981
045984
045985
045987
045988
045989
045990
045991
045992
045993
045994
045995
045996
045997
045998
045999
046000
046002
046003
046004
046006
046007
046009
046010
046011
046012
046014
046017
046018
046019
046021
046023
046026
046028
046029
046030
046031
046032
046033
046034
046035
046036
046037
046038
046040
046041
046042
046043
046044
046046
046047
046048
046049
046051
046052
046053
046055
046057
046058
046059
046060
046061
046062
046063
046065
046066
046067
046068
046070
046071
046072
046073
046074
046075
046076
046077
046078
046079
046080
046081
046082
046083
046084
046086
046087
046089
046090
046093
046094
046095
046097
046099
046100
046101
046102
046103
046104
046106
046107
046109
046110
046111
046112
046113
046114
046115
046116
046119
046120
046121
046124
046125
046127
046129
046130
046132
046134
046136
046137
046138
046139
046141
046142
046143
046144
046146
046148
046149
046151
046152
046153
046155
046156
046157
046158
046159
046160
046161
046162
046163
046165
046169
046170
046171
046172
046173
046174
046175
046176
046177
046178
046179
046180
046182
046183
046184
046185
046186
046187
046188
046190
046191
046192
046193
046194
046195
046197
046198
046199
046200
046201
046203
046204
046205
046206
046207
046209
046210
046211
046212
046213
046214
046215
046216
046217
046218
046219
046220
046221
046222
046223
046224
046226
046230
046231
046233
046235
046236
046237
046238
046240
046241
046242
046243
046245
046246
046248
046249
046251
046252
046253
046256
046257
046260
046261
046263
046264
046265
046266
046267
046268
046269
046270
046271
046272
046273
046274
046275
046276
046278
046279
046280
046281
046282
046283
046285
046286
046288
046289
046290
046291
046294
046295
046298
046299
046300
046302
046303
046304
046305
046306
046307
046309
046311
046312
046313
046314
046315
046316
046318
046319
046320
046321
046322
046323
046324
046325
046327
046329
046330
046331
046332
046333
046334
046335
046336
046337
046338
046340
046341
046342
046343
046344
046345
046346
046347
046348
046349
046350
046351
046352
046353
046354
046356
046357
046358
046359
046360
046361
046362
046363
046364
046365
046366
046367
046368
046369
046370
046371
046373
046374
046375
046376
046377
046378
046379
046380
046381
046383
046384
046385
046386
046387
046388
046389
046390
046391
046392
046393
046394
046395
046396
046397
046398
046401
046403
046404
046405
046406
046407
046408
046409
046410
046411
046412
046413
046414
046415
046416
046417
046419
046420
046422
046423
046424
046425
046426
046427
046428
046429
046430
046431
046433
046434
046435
046436
046437
046438
046439
046440
046441
046442
046443
046444
046445
046446
046447
046448
046451
046452
046453
046454
046455
046457
046458
046460
046461
046462
046463
046464
046465
046466
046467
046468
046469
046471
046472
046473
046475
046476
046477
046478
046479
046480
046482
046484
046485
046486
046488
046489
046490
046491
046493
046494
046498
046499
046500
046501
046502
046504
046505
046506
046508
046509
046510
046511
046512
046513
046515
046516
046517
046518
046519
046521
046522
046525
046526
046527
046528
046530
046531
046532
046533
046534
046535
046536
046537
046538
046539
046540
046541
046542
046543
046544
046545
046547
046549
046550
046551
046552
046553
046554
046556
046557
046558
046559
046560
046561
046562
046563
046564
046565
046566
046567
046568
046569
046570
046571
046573
046574
046576
046577
046578
046579
046580
046581
046582
046583
046584
046585
046586
046587
046588
046589
046591
046592
046594
046595
046596
046597
046598
046599
046601
046602
046603
046604
046606
046607
046608
046609
046611
046612
046613
046615
046617
046618
046620
046621
046622
046623
046625
046626
046627
046628
046629
046631
046634
046637
046638
046639
046640
046641
046642
046643
046646
046647
046648
046649
046650
046653
046654
046655
046656
046657
046658
046659
046660
046661
046662
046663
046664
046665
046667
046668
046669
046670
046672
046673
046676
046678
046679
046680
046681
046682
046683
046685
046686
046687
046688
046689
046690
046691
046693
046694
046695
046696
046697
046698
046699
046701
046702
046703
046704
046705
046706
046709
046710
046712
046714
046715
046716
046717
046718
046719
046723
046724
046727
046728
046731
046733
046735
046736
046737
046739
046740
046741
046742
046743
046745
046746
046747
046748
046749
046750
046751
046752
046754
046755
046756
046757
046758
046759
046760
046761
046762
046764
046765
046766
046768
046770
046771
046774
046776
046777
046778
046779
046780
046782
046784
046786
046788
046789
046790
046791
046792
046793
046794
046795
046796
046798
046799
046800
046801
046802
046803
046806
046807
046809
046810
046811
046812
046814
046815
046816
046817
046818
046819
046820
046821
046822
046823
046824
046825
046826
046827
046829
046830
046831
046832
046834
046835
046836
046837
046838
046839
046842
046843
046844
046845
046846
046850
046851
046852
046853
046854
046855
046856
046857
046858
046860
046861
046862
046864
046865
046867
046868
046870
046871
046872
046875
046877
046878
046880
046881
046882
046883
046884
046885
046887
046888
046889
046890
046891
046893
046894
046895
046898
046899
046900
046901
046902
046904
046906
046907
046908
046909
046910
046912
046913
046914
046916
046917
046918
046920
046921
046922
046923
046924
046925
046926
046927
046930
046931
046932
046933
046934
046935
046936
046937
046938
046939
046940
046942
046943
046944
046945
046946
046947
046948
046950
046951
046952
046954
046956
046957
046958
046959
046961
046962
046966
046967
046970
046972
046973
046975
046976
046977
046978
046979
046981
046982
046983
046984
046985
046986
046987
046988
046989
046990
046991
046992
046993
046995
046996
046999
047000
047002
047003
047004
047005
047006
047007
047010
047011
047012
047013
047014
047017
047019
047020
047021
047023
047025
047026
047027
047030
047031
047032
047033
047036
047038
047039
047040
047041
047042
047043
047044
047045
047046
047047
047048
047049
047050
047051
047052
047053
047054
047055
047056
047057
047058
047059
047060
047061
047062
047063
047065
047067
047068
047069
047070
047072
047074
047076
047077
047079
047081
047082
047083
047084
047086
047087
047088
047089
047090
047091
047092
047093
047095
047097
047098
047099
047100
047101
047103
047104
047105
047106
047109
047110
047112
047113
047115
047116
047118
047120
047121
047122
047123
047124
047125
047126
047127
047130
047131
047132
047133
047134
047136
047139
047142
047144
047145
047146
047147
047151
047152
047153
047154
047155
047156
047157
047158
047159
047160
047162
047163
047164
047165
047166
047167
047170
047171
047172
047173
047175
047176
047177
047178
047179
047180
047181
047182
047184
047185
047187
047188
047189
047191
047192
047194
047195
047196
047197
047198
047199
047201
047202
047203
047204
047205
047206
047207
047209
047210
047212
047213
047214
047216
047218
047219
047220
047223
047224
047225
047226
047227
047228
047229
047231
047232
047233
047234
047236
047237
047240
047241
047242
047243
047244
047245
047246
047247
047248
047249
047250
047251
047253
047254
047255
047256
047257
047258
047261
047262
047263
047264
047265
047266
047267
047268
047269
047270
047271
047273
047274
047275
047276
047277
047278
047279
047280
047281
047282
047283
047284
047285
047286
047287
047288
047289
047290
047291
047292
047293
047294
047296
047297
047299
047300
047301
047302
047303
047304
047305
047306
047307
047308
047309
047310
047311
047312
047313
047314
047315
047316
047317
047318
047319
047320
047322
047323
047324
047325
047327
047328
047330
047331
047332
047333
047334
047335
047336
047337
047338
047339
047341
047342
047343
047344
047345
047347
047348
047349
047350
047351
047352
047353
047354
047356
047357
047359
047360
047361
047362
047363
047364
047365
047367
047368
047369
047371
047372
047373
047374
047375
047376
047377
047378
047379
047381
047382
047383
047384
047385
047386
047387
047388
047390
047391
047392
047394
047395
047396
047397
047399
047400
047401
047402
047403
047404
047405
047406
047407
047408
047410
047411
047412
047414
047416
047418
047419
047420
047421
047422
047423
047425
047426
047427
047428
047430
047431
047432
047433
047434
047435
047436
047437
047438
047439
047440
047441
047442
047445
047446
047447
047448
047449
047450
047452
047453
047454
047455
047456
047457
047458
047461
047462
047464
047465
047466
047467
047468
047469
047471
047472
047475
047476
047477
047478
047479
047480
047481
047482
047483
047485
047486
047488
047490
047494
047495
047496
047499
047500
047501
047502
047503
047504
047506
047507
047508
047509
047511
047512
047513
047514
047515
047518
047519
047520
047521
047522
047523
047524
047525
047527
047530
047532
047533
047534
047535
047537
047538
047539
047540
047541
047543
047545
047546
047547
047548
047550
047551
047552
047553
047554
047555
047556
047557
047558
047560
047561
047562
047564
047565
047566
047567
047568
047569
047570
047573
047574
047575
047577
047578
047579
047580
047581
047582
047585
047586
047587
047588
047589
047590
047591
047594
047596
047597
047598
047599
047600
047601
047602
047603
047605
047606
047608
047610
047611
047614
047615
047616
047617
047618
047619
047622
047625
047626
047627
047628
047629
047630
047631
047632
047633
047634
047638
047640
047641
047642
047643
047644
047645
047646
047647
047648
047649
047650
047651
047652
047653
047654
047655
047656
047657
047658
047659
047660
047661
047662
047663
047664
047665
047667
047668
047669
047670
047671
047672
047673
047674
047676
047677
047678
047680
047681
047682
047683
047684
047685
047686
047687
047689
047690
047691
047692
047693
047694
047695
047696
047697
047698
047699
047700
047701
047702
047704
047705
047706
047707
047708
047709
047710
047711
047712
047714
047715
047716
047717
047718
047721
047722
047723
047724
047725
047726
047727
047728
047729
047732
047733
047734
047735
047736
047737
047738
047739
047740
047741
047742
047743
047744
047745
047747
047748
047750
047751
047752
047754
047755
047756
047757
047758
047759
047760
047761
047762
047763
047764
047765
047766
047768
047770
047771
047773
047775
047776
047777
047778
047779
047780
047781
047782
047783
047784
047785
047786
047787
047791
047793
047796
047797
047799
047800
047801
047802
047803
047804
047805
047806
047807
047809
047810
047812
047813
047815
047816
047817
047818
047819
047820
047821
047822
047824
047825
047826
047827
047828
047830
047831
047833
047834
047835
047836
047837
047838
047839
047840
047841
047842
047843
047844
047845
047846
047847
047848
047849
047850
047851
047852
047854
047856
047857
047859
047860
047861
047863
047864
